1011000011101101111100110001011100001110000110001111001111101101100100010001101011000010111000110110
0011010101111111100101110110000000010001100000001010111111111101011101110100101100011011011110101010
1110011000010101110101101001111100100001010011111001000110001001101100100001111001011110010110001001
1100001111010011101100011000010001001010011111010100100111111001001100000011111010111000001000011001
0000111100010010100110110101000011000000100110111101010010111001110010011110101101110111110001111110
0110100111011111001110101101100111011111101100000000011111111100110110000100011000101000001101010011
0011101111111010011001101001110001010010011010100110010010101101100000111111001101010010001110101100
0101111111011100110011010110111100101010111011100100010010001111111110111100111100110111010001111010
1001011101000110011101001010111101011110001000110001101001110010000000001001110110100111010101100111
1101011111101101111100010101001100000111101001011100000111010101111100110110001100011011000110001011
1100001001100111110100010000111111101011101111101000010101011011111011100010001111011101000101110110
0111111100001001001111110101100100010001101000011001011011100111100101110010000101011101101111010011
1100011101011101001111110111111111111010110111011010000011000110011011001101001001001110011101010000
1110010111101100110000000111110100001010000101111001101110101101100011000101111000111101111010101001
0101111010100010100111010101111011110101010100110000101111011100111000000110010100101101100111111111
1111010001111000101000000001111111111010110010100110101001111001100000001010010011010111001001011001
1111100101100111101011011111001000100000110111000111110110000101100010110000000001110111110000100101
1010001111100100001001000010000110001001111110100110010101111011011010010001111000011101111100001011
1001011011011001111010100100001101100010011100111011110110010101001100111101101111011001100001111011
1111110011111010000100110101001111001110100111100100101001000111100101101011111110001011001101000111
0000110100011010101001000110100101010110000110010101010110100000101010111111110011010001111100100111
0110001110011010110010101010110010000011010101110010000100111101011111000100001100001010010000111001
1110111000011000001101110001111001111010101000001110011100100100001110011100010001001011111011010111
1101100101111010100100111101011110110111101101111001011110110000101001001001110101001101011110101011
0011011010000000100001011011111001101101010101111001010101000111011101010000101010110000111001111101
0100110101011110101110010001000100011011111110111000100011001010111111111010110100101101100011010111
0100000110001100110011001000010010011101110111110101001011011010111110111001010010110100011101101011
1010111001011111100100111101111001010110001101001010110101101011111001010011010101110001011101010100
0010011110111111000011101001110110001011000001100010100111100110001011101101011010111111111010100111
1011001110101111000001111011100100001000111010101000111010001111110111101110111100010110000000011010
1010000111101011101100111001001101011010100001000101011111110011011010110011000111010101011111110000
1010010111111101011110010100111011100110111111101101101100001101101011111100110000111000000010001011
0000110000101011010101010010100100001001010000110110000101010010101100010010010100001111001111010001
0001111010101011001110101001001100111011010010111001011101100010011110110011111011101010010111111001
0010000100101011101000111000000101100100100011111011101010010100001111110111001000001010101010010010
0100011010011011000010110111001001001001100011100011010111111110011111011100011011010100111000101101
1001010110101101010100101110111011010100101100100001111010011001111100111111000001010010111011000000
1000010011000010000110011011000100101110111001011101101100101101111111001000011000111001111101110010
1001011111101101001111110101101101000101011000000100011001111001100001001010100110100011101000010011
0110010001110010010001011110100011010010100000010000010011100011111100010010101111110011111000100011
0100110101111001110100110110011100111101010110000100000000111011000111100110010110100110011001001001
0011001100001011111001001110010111000110110111101000001101100010010000101000101001001001101111110101
0001011111110000011000110101010100001110001000111011000011010101111000100000101010111111110111011000
1001110000101110111111011111000100001000110000000100000011100101010100001011111111101011000100011001
1011101100101001110110000110010101110000110011010001001011100111110011001001010001111100011101011101
0011000101101100100101011011101100110100010010000011101000001111010000011101111110010110010110110111
0010101110100111011101011110110111111000011000100110100100011100110001001000101000111100010101010000
0011100011011110001011011110000011100101001010000111111101110110011001101010010100101010101111010110
1110100001111100001000111101010101100100011000000100100101110100000110001000100111000010101010111100
1001101101000001110110100010001110000110100100111101100010001011001101110101011111111101110110001101
1100001000001001111001100001100010110000001001110011011001010001101110000101110010111101010010010001
1010100010010100101010011010001101111100001011010111110011000100001111110111001010100011110111001011
0101000010000111101100000101110100101100000001111101100011010010010000100001010000110101100110110101
0100111100110000111010111001011001011011000000010011010101101100101000011001100010010110101011100101
1100010010010111000100110010011101101110010011010010001101110110110110101010011111101101110011001000
1111010001100110111011111001101111010100010000111000011110010100001001011001110010100001101111000000
1111111101011110101010010110111000111001001110000101100110000010010100100011010100111011001100100010
1101010011111011010100001111101011010011011110011011111001100100001010111010000101000101101110100010
1101111010010101010011110001101001010111110110011000011001001101011010001110100101000001110010110000
0101110011100011011001010010001010111010101000111010101100000110110111000110001110001111010111001101
1111111100100111010001000111010100011110100001100100010000101010111001010100011101110011110111111110
1100011101011110101101101000110100110100001111111001011101110011000000010100100111110100100011000000
0000000110111000010100001111111011010001110011010100101010011111001110101011101100110111010101000110
1111101101110101111101001001011100001111101111000110000000100110010100100110001011111000111000101111
1010111101110111100110010111010110001111001010100010011000011000001010100111101110011110010101101000
0100110101101010010001001111011001011101011111110000101010111001000101011110101001011101101100100000
0111000101101010011011111111101111111101001000010111010101101010101001110000010000111101001000000111
1111010101010000001101101110010011111101100100001111001010010011010110011100101111001000111110101000
0000110100101100110011100110111101110100100010001011001001110010100101001111010001110010110001010011
0100000000111100000101011101110100110110100010110101000100011000011010101110101010110100000010001100
0110001101110000101110000110111101101000111000010101101011000011101001000110000001000010000110110010
1100101101010000111010101111001111111001000001000101010101001100011100001011010111010101101000011010
0000101110001001001110110110110100011110010111111000011101100010010111010110100011111101100101011010
0100111101001110001011100000110100111000100001000111000000111101110111101100000011111101111111101000
0001101001110011000110000101011011101011100100010001001011110011110011111001101011101110100110010110
1011001010001100011110010011101001101000000111000111110110000010100010010011101111000100001100001011
1111100110000100011110011100010101000011011101101010010100100110110101001011111110000011001000011110
0011010110000111010110110111110111010100100111010110101110001000001010010000111011011110110011101100
1111111101101100011101001000110001110101011101100101001000011011110101000011111011110110100011011101
0100101111110010001101010101011010000011100101011100001011111110100100010001100101000101101010011000
1001000010100001001110001010101001010011101101001111011100010101100101011111111011100001000101100000
1010101000111001101010110001001001011001010110001100001001101101010110111111011110101011110111111111
0001110110000110100000001111100101000111101110110111101110001111001011001110001011100101011111010010
0111101101110101111010001011111100011101001011100110110010001111111011011100011000000000010011011101
0111010001111110011101110100100111100100011110110110001010010001111100001110010001001100101100010010
0010100110111111110000010110111010010000101011100110111001010110111001011111011100101100001100011000
1110101111001001100101100000110011101011101101011001010010011010100010100010111001000001111110111001
0100100111110111111110110101101010000111011100000111101111111010011000011100100111100011100001110100
1000100000010110111010101100100000111111011000011101111101101101010110011110011101001011111011101110
1110100110001100110011111011101001011101101011100111001000111011100110000100010001110010100101011000
1101011000011101010110111011101010111111110010011000010111000001011100010101100100101110100110001000
0110011011111010010110010011001011000100011111110101100111011010110100101111000011101110011100110001
0110001001010110000000110100101111101000011001011111111101111100000101100110011101110010101010011000
0000110110111011001100101111001011001100111010110001011100011110100010001100011011110001110001001000
1100101110100110101011011010101001010101010001001000110011101001110100100100010011000011100100001100
1001110100111011001001101101011011100110011111111010100000101000000010111010101101111111010110010000
0111101101000111011001011010010101010000101110001101001000011001100101011101111101010110111011100001
1000101010100010100110101101100000010000010011011100110000011011001001000010111001010001100000100011
1100110111110010011110110110110100100111000001010001000011001011001010111011100001101000100000000111
0011010011010111111111111110100111010011110111000111110000010001001010000001001001010010000100001110
